343

AR 2.82786 0.492141 -2.03977 
AR -3.55343 2.49845 -2.64519 
AR -0.158158 -3.89323 -2.9364 
AR -1.97787 5.86822 3.32154 
AR 2.66591 4.8117 1.24703 
AR 1.88222 3.96817 -1.40886 
AR 2.20994 -2.11553 5.66574 
AR -2.22229 -2.01539 2.4618 
AR -2.88394 -3.5175 3.30666 
AR -2.87361 -5.75727 2.04026 
AR 2.19294 -0.743026 2.12711 
AR -3.78459 3.46724 -2.15546 
AR 2.15841 2.75013 0.81131 
AR -1.74092 3.48755 1.59265 
AR -2.4265 0.981344 1.88319 
AR -5.03981 3.68197 0.909336 
AR 2.53836 -4.15094 0.423556 
AR -3.2595 -3.76645 0.799896 
AR 1.02985 3.00346 3.42261 
AR 4.19897 2.4036 -2.59139 
AR -3.34481 0.288673 -2.16574 
AR -1.79524 -1.05678 -0.945781 
AR -0.895181 -4.43653 -2.08648 
AR -3.91286 -4.39466 0.0617111 
AR -3.22562 2.18987 -4.16255 
AR -1.8635 -2.30527 4.22899 
AR 1.48039 -4.34623 1.10552 
AR 1.01455 -3.81274 -1.48608 
AR -3.62406 -2.47145 -2.52103 
AR -2.03893 1.28786 -4.71109 
AR -3.92693 2.85512 -2.34696 
AR 1.25885 1.55055 -1.43691 
AR -3.5987 -2.39198 3.49941 
AR 2.06605 4.54408 3.33738 
AR 4.14258 -1.1936 -4.05579 
AR -0.553628 3.2331 -2.71919 
AR 2.32023 -1.26507 2.94604 
AR 1.10978 -0.790666 -0.470049 
AR -1.25138 3.5655 0.619056 
AR 3.36397 1.77452 -1.89228 
AR -2.47314 -4.17922 2.98208 
AR -2.09541 0.735781 1.97143 
AR 1.87473 -1.7143 0.438108 
AR -3.30901 -1.84906 -1.74993 
AR 2.78134 -1.31781 -1.64833 
AR -0.548475 2.75139 2.05198 
AR 0.453998 5.79757 1.66447 
AR 0.413463 6.25519 1.89423 
AR 1.50803 2.70915 1.29287 
AR -4.01223 0.483383 -3.66059 
AR -2.49275 -5.05394 -3.56162 
AR -2.55793 4.18223 -0.6017 
AR -2.41549 3.67451 -2.72349 
AR 4.54732 -2.17246 3.07137 
AR -3.10008 1.57007 -1.45141 
AR 4.47986 0.932713 2.89758 
AR -2.80338 -0.992646 5.30831 
AR -1.34745 -1.11027 -4.77514 
AR -0.967874 3.59709 -1.48401 
AR 4.42408 -2.03653 -3.13274 
AR 3.48553 -2.13156 4.42839 
AR 2.13203 -5.87386 -1.22701 
AR -2.2787 -0.386125 1.81062 
AR 0.530009 -3.79501 4.30509 
AR -1.90438 1.87761 1.49542 
AR 3.16246 -5.63675 2.93168 
AR 2.26218 -2.35188 1.36725 
AR -1.93041 5.292 3.828 
AR -4.66565 2.22544 1.64719 
AR -2.59623 -2.76013 1.99191 
AR -2.39986 -4.6076 -2.7835 
AR 3.77643 0.203445 -3.68724 
AR 1.90892 1.15825 4.19312 
AR 2.8572 2.74836 1.50234 
AR -3.33051 1.66554 -3.77418 
AR -2.9329 -3.95067 -2.21757 
AR -1.93703 -1.39827 -2.94714 
AR 0.455929 3.72281 -3.33901 
AR 2.10501 3.87008 -4.4566 
AR -1.8274 -3.48462 -1.894 
AR -2.72523 4.40521 -4.83298 
AR 2.88953 -2.05691 1.33335 
AR 1.67224 -2.41194 -0.549192 
AR 1.56995 -3.13415 -3.0063 
AR -4.04165 2.33029 -1.37261 
AR -0.905529 -0.650689 -3.33693 
AR 1.48964 3.51463 1.3966 
AR -1.70856 -1.78887 -2.65043 
AR 2.91863 -0.918576 -3.31326 
AR 0.484351 1.61255 2.83765 
AR 1.95415 -2.2401 -1.79895 
AR 2.7554 0.529553 -3.65409 
AR -3.24126 -1.45627 1.85895 
AR 6.15628 1.79734 -6.14686 
AR 0.545901 3.2964 1.22214 
AR 1.01719 -3.17716 2.71167 
AR -1.38729 0.843744 -3.06208 
AR -3.80219 2.56229 2.65039 
AR -0.843276 -1.67241 0.368959 
AR -2.61591 1.75236 4.4556 
AR -1.21588 1.88534 -3.50076 
AR -2.12201 3.22072 1.24254 
AR -6.00293 2.60117 0.52295 
AR -4.05785 0.659382 -3.04779 
AR -1.6087 2.43241 2.01396 
AR 2.74818 2.04264 -0.429358 
AR 3.22563 3.10782 4.72371 
AR 2.99156 -3.81078 0.65879 
AR 4.38621 2.5568 0.483206 
AR -2.07213 -2.7977 2.50267 
AR -0.273415 -1.99448 2.61316 
AR -1.76853 -0.873808 2.86397 
AR -2.76265 2.28342 -2.38005 
AR 4.31275 1.15996 1.79665 
AR 1.51467 6.05074 -1.09655 
AR -4.18951 -1.47917 3.98394 
AR 3.88255 -1.31397 2.03406 
AR -1.57836 -1.89239 -0.517685 
AR 0.718339 -1.10587 -2.17784 
AR -2.36171 2.78802 5.94624 
AR 1.79602 -1.17482 2.2341 
AR -0.67285 -4.83433 2.61585 
AR -1.80445 2.42634 0.917166 
AR -2.57345 -2.18783 -2.20305 
AR 1.97005 2.1809 -2.75099 
AR 2.61153 -1.55482 -3.15163 
AR -0.879401 -2.07834 0.319167 
AR 2.40121 -1.7472 1.53477 
AR -2.10078 2.80316 2.11214 
AR -2.4761 -1.10639 -3.02832 
AR -2.758 -1.97979 -4.77672 
AR 2.06196 1.86401 -0.789376 
AR 2.51817 1.36378 -1.97625 
AR 3.67486 3.72932 -5.05102 
AR 2.21884 -2.20243 -2.77823 
AR 1.85332 -5.21856 -3.94548 
AR 3.82049 1.05024 -0.962643 
AR 1.75644 2.05071 0.620909 
AR 2.57816 -1.76201 2.18494 
AR -2.1828 4.74696 3.95856 
AR 1.77172 -0.421447 1.7919 
AR 3.40165 1.64274 1.81052 
AR -4.00222 -0.635032 -1.17114 
AR -4.08845 -1.5065 -2.48183 
AR 1.55438 -1.29012 3.43129 
AR -3.98733 -4.91928 -2.59933 
AR 5.53124 2.9011 -0.0370397 
AR -1.72385 -1.95942 0.817576 
AR 4.25003 -1.38608 -1.61221 
AR -5.66557 2.93026 -1.40694 
AR 4.33479 2.80074 -2.56932 
AR -4.92987 -2.99184 -2.08958 
AR 2.86795 -2.81207 -4.5249 
AR 3.62 4.54978 -2.87545 
AR -4.41151 -0.688077 1.94243 
AR -2.74727 -2.7272 5.79954 
AR -0.407587 -4.28193 -3.27275 
AR 2.1158 -2.88451 0.614485 
AR -4.88599 3.97651 2.97086 
AR -3.96636 -1.30921 0.471863 
AR -0.821865 -0.308035 0.800271 
AR 1.18974 3.8622 -3.5079 
AR 3.91452 1.54063 1.12641 
AR -0.796934 4.1047 -2.73603 
AR -0.34273 -3.62432 3.25961 
AR -1.86395 3.48426 1.23068 
AR 1.91204 5.57277 -2.8331 
AR -0.333081 -1.92073 -2.94619 
AR -3.68476 -2.98234 0.766255 
AR 1.13803 0.575458 0.705109 
AR 3.2683 -4.33414 -3.59892 
AR -2.84805 -3.97076 0.853885 
AR -1.47166 2.3604 -1.95181 
AR 4.08492 -5.1164 2.14809 
AR -2.98023 -1.9707 0.598588 
AR 3.616 1.73705 -3.77306 
AR -2.7435 1.18428 0.158734 
AR -0.600767 1.48594 -6.86401 
AR 3.95245 -1.77942 3.28736 
AR 6.53539 0.282121 -3.43792 
AR -0.86387 -2.84564 0.561512 
AR -2.77074 1.80473 -3.30189 
AR 6.04668 -0.116597 0.919855 
AR -1.5639 -2.42966 -2.03451 
AR 2.21071 2.92497 -2.10144 
AR -2.15014 -2.30232 1.00721 
AR -3.88616 4.15335 0.601769 
AR 2.38108 2.54466 2.34042 
AR -2.02037 -3.13186 4.12691 
AR -2.48734 0.825494 -3.94303 
AR 4.69685 1.67663 2.79325 
AR 3.09239 4.07437 0.343839 
AR 3.6713 -2.36159 -1.78341 
AR 1.81367 1.84601 -2.41618 
AR -2.65543 -3.63641 -2.13898 
AR -3.15142 0.893891 4.27443 
AR -1.36209 5.28745 2.78939 
AR 2.52721 3.99184 3.46187 
AR 1.93291 -1.35482 2.32895 
AR -3.55288 1.79816 -1.22817 
AR -2.75612 3.53634 1.83615 
AR 1.42934 1.73843 0.153889 
AR 4.16777 -2.8382 -1.67623 
AR -0.973022 0.648084 2.21521 
AR -2.9521 -2.68996 2.40122 
AR 4.7226 2.8712 -1.63499 
AR 2.7577 -3.67732 -3.68091 
AR 1.11242 -3.1733 3.03905 
AR -1.93321 -2.56136 2.7855 
AR -1.90051 2.24242 5.15872 
AR 3.86561 2.44706 -2.61086 
AR -2.27188 3.2848 4.998 
AR -5.87303 -2.5772 -2.54535 
AR 0.784372 -1.91652 3.66459 
AR -2.34837 2.13084 2.44706 
AR -5.2709 -4.5064 -0.808783 
AR 3.43814 -2.76071 -3.67359 
AR 3.75131 2.0703 1.14837 
AR -3.96903 -3.04546 2.23042 
AR -1.15166 2.64836 1.06975 
AR 0.129795 3.31276 3.21598 
AR -3.77563 2.5824 -0.567089 
AR -1.45602 -4.35859 2.49247 
AR 1.50426 -1.21608 0.321676 
AR -3.81098 0.884969 1.40544 
AR 1.39998 2.81407 -2.75152 
AR -0.2799 5.13627 2.37413 
AR -2.03974 2.47098 3.4696 
AR 1.53674 2.00172 2.97736 
AR -2.4164 1.87978 -1.76147 
AR 0.42055 3.70621 1.7277 
AR 2.30341 2.93216 -1.28879 
AR -3.60167 2.54208 -2.44033 
AR 1.55163 -1.8739 -0.446629 
AR 3.12275 -1.80199 2.59413 
AR -1.08041 -6.12865 -1.75271 
AR 3.30926 2.10464 -0.915618 
AR 1.24287 1.31182 0.589321 
AR -0.459747 2.65356 -1.63007 
AR 1.12191 1.24547 -1.09534 
AR -2.44848 -2.6274 0.674127 
AR 5.93263 1.71671 -1.71155 
AR -2.92282 -1.89972 -3.14044 
AR 3.81938 4.38579 1.9565 
AR 3.69571 -0.113954 -1.88122 
AR 2.89703 -0.946786 -1.69373 
AR 5.65812 -3.03873 3.99466 
AR 5.11088 3.2768 -2.22101 
AR -2.69316 -1.97783 2.97628 
AR -3.55788 1.02296 1.12617 
AR 1.8532 -4.74198 2.03115 
AR -3.51393 2.29317 -3.09815 
AR -2.51198 -0.225833 2.03527 
AR 4.59074 -4.35047 -2.69737 
AR -2.49248 3.23018 -1.74993 
AR 1.54185 4.81354 3.10631 
AR 4.9933 1.13982 -1.84218 
AR 3.57201 0.716994 2.52531 
AR -2.35102 1.05574 3.19413 
AR -4.28147 3.27813 1.41038 
AR 0.9841 3.42526 1.84962 
AR 2.4525 -3.77216 -2.2648 
AR -2.48409 -2.1556 0.335506 
AR -2.41342 -2.13647 -0.767206 
AR -2.35972 -5.36139 1.95122 
AR 3.0777 -0.757733 -3.47933 
AR -2.75112 2.2662 -2.70038 
AR 1.6768 3.19513 -0.810876 
AR 1.87736 -3.24129 0.167829 
AR 2.22882 -2.74854 -5.07297 
AR 0.565099 2.96359 1.42073 
AR -1.55736 -3.49596 3.52384 
AR -1.77611 -2.60368 0.13866 
AR 3.44897 1.20252 2.89974 
AR 4.99465 -2.03914 -3.35448 
AR 2.09608 -4.16177 -3.24289 
AR 0.891658 5.48452 -1.31796 
AR -1.64502 -2.66369 -3.28326 
AR -1.31957 -2.3561 1.68117 
AR 2.39875 -2.10287 2.22339 
AR -3.84607 -3.39395 2.23601 
AR 4.15737 1.16601 -1.37872 
AR -1.25378 2.74179 -4.58145 
AR -3.83196 -1.6172 -1.07787 
AR -1.6247 -0.410909 -3.86673 
AR 3.42929 5.466 0.482835 
AR -2.52171 1.07859 3.03961 
AR 4.45683 1.84796 -0.746636 
AR -3.44404 -4.06565 -1.97621 
AR -4.51277 2.28765 0.714543 
AR -2.44906 -2.05999 -3.59781 
AR -2.66537 1.99624 -1.73588 
AR 1.07481 -3.98885 3.23134 
AR -5.79663 -6.82444 -1.23459 
AR 1.17916 2.63877 2.04686 
AR -2.90358 -2.71133 -2.73412 
AR -1.68723 -4.0162 -1.05425 
AR 1.88043 2.68313 -1.27717 
AR 2.60897 -2.58006 2.69167 
AR 3.83994 -4.77811 3.08073 
AR 2.56359 -1.67263 -4.93928 
AR 2.37003 -4.79841 -3.51471 
AR -1.14435 3.41763 1.55222 
AR 3.24226 -4.7755 2.09217 
AR -1.11946 2.52533 2.456 
AR 1.90108 1.87821 4.1216 
AR -3.75891 -4.97013 4.72627 
AR 1.59454 -2.00856 0.859214 
AR -1.39686 -2.83494 4.40042 
AR -2.01438 1.01817 -2.33942 
AR -2.73879 1.57148 3.64881 
AR 1.00304 3.45763 6.33442 
AR 2.24566 3.26131 -2.30881 
AR -2.27143 1.52446 -2.17792 
AR 1.3832 1.65668 2.56543 
AR 2.15627 -1.63658 3.62396 
AR -2.70826 -1.773 -4.20844 
AR -2.7282 1.59428 -2.06852 
AR -3.35793 -5.98127 -3.1224 
AR 2.07845 1.67995 0.714358 
AR 3.21621 3.8453 -0.497487 
AR -1.92153 3.38253 -2.53434 
AR 2.93935 -2.59162 -1.29116 
AR 4.94547 2.22055 -2.02087 
AR 2.08635 -1.03302 3.62338 
AR 2.03616 -2.17952 -1.95313 
AR -2.74912 -3.87781 2.90436 
AR 3.29296 -2.92074 3.44924 
AR 0.810336 4.02689 3.33042 
AR 4.36766 -2.08116 3.68312 
AR -3.48646 5.01576 -2.9802 
AR -2.32806 1.33899 2.42812 
AR -3.71933 -1.79667 -2.05237 
AR 1.24228 3.91358 -3.35617 
AR 2.01342 -1.19622 2.21524 
AR 1.03667 -3.0586 -2.37569 
AR -2.30485 -2.87282 -2.49029 
AR 1.01154 1.51789 -1.13849 
AR -0.634232 -3.08724 2.12267 
AR -3.60912 2.52822 -2.53822 
AR 2.34891 0.477093 -2.12004 
AR 3.54578 -1.74402 1.93454 
AR 2.67296 -1.20929 2.73087 
