343

AR 9.01408 5.70486 -8.01249 
AR -6.22465 2.31671 -1.89634 
AR -5.80226 -12.0621 -6.18574 
AR -10.658 11.3814 0.954012 
AR 7.54515 10.0222 8.38385 
AR 15.5858 6.12984 -2.06114 
AR 6.85848 -2.19689 6.73783 
AR -9.18445 -6.1284 8.9957 
AR -10.2008 -10.4365 3.75971 
AR -2.03292 -7.4 2.6904 
AR 1.71543 -5.29248 7.46418 
AR -4.33742 9.75727 -7.61618 
AR 5.29442 4.18144 1.42004 
AR -2.42609 10.6915 9.56875 
AR -5.36852 6.15147 11.1515 
AR -5.95387 7.88385 5.81521 
AR 8.10177 -10.2281 1.6429 
AR -1.15348 -9.46316 0.204831 
AR 3.54394 12.3062 1.69015 
AR 11.2388 7.63787 -4.71285 
AR -8.12757 1.28147 -2.74705 
AR -12.8328 -2.92765 -4.28279 
AR -7.92384 -5.29471 -7.62883 
AR -4.92552 -4.30233 7.44918 
AR -5.50504 8.96544 -3.29208 
AR -13.7615 -7.71509 3.83477 
AR 15.3796 -6.61755 1.87846 
AR 9.21719 -6.29752 -12.6877 
AR -9.99494 -1.8067 -10.9721 
AR -6.88625 1.13788 -11.2347 
AR -3.70753 4.66509 -2.00703 
AR 9.14779 2.15108 -8.66527 
AR -8.58617 -9.97603 3.04191 
AR 5.30151 9.74861 6.7634 
AR 11.463 -8.78116 -3.83808 
AR -10.5135 3.71399 -9.83046 
AR 4.62346 -7.16283 17.2965 
AR 3.89767 -8.05419 -7.7984 
AR -10.8768 4.83928 9.66175 
AR 1.56401 5.93939 -7.14963 
AR -13.5695 -6.21644 1.24148 
AR -6.34008 5.05201 8.30988 
AR 3.12224 -15.8608 6.27509 
AR -7.20751 -1.55611 -6.71472 
AR 12.8001 -7.742 -8.59552 
AR -7.03059 7.57379 11.6171 
AR 11.4483 6.46568 6.45879 
AR 12.0607 5.35214 6.21061 
AR 7.46969 4.91324 5.63869 
AR -1.47051 5.6314 -5.30007 
AR -10.0869 -7.27097 -8.47645 
AR -2.1036 8.78897 -8.47656 
AR -6.85036 9.59503 -16.9825 
AR 7.59687 -8.13402 9.55392 
AR -5.67675 12.1097 -7.51828 
AR 6.32516 4.20642 6.39864 
AR -6.50762 -4.73032 8.29401 
AR -5.36943 -11.7208 -12.0312 
AR -13.4171 3.98802 -7.48415 
AR 9.38686 -9.72188 -7.04296 
AR 8.36354 -3.7832 4.72909 
AR 0.8314 -6.32922 -4.25758 
AR -12.3099 -7.89327 6.11254 
AR 7.3464 -9.16991 12.2393 
AR -1.0334 6.68342 8.6819 
AR 2.12756 -14.1912 12.0425 
AR 0.625441 -3.79475 8.25909 
AR -5.26467 1.82386 5.40515 
AR -2.5549 17.4693 4.49992 
AR -5.23771 -7.79611 2.85461 
AR -1.98153 -5.17251 -8.96421 
AR 13.3151 10.2471 -15.2983 
AR 5.80183 12.0809 7.75934 
AR 8.34857 6.5309 13.9316 
AR -8.66783 5.95714 -14.8092 
AR -9.76493 -4.66955 -12.3852 
AR -7.09872 -9.57199 -15.9817 
AR 6.35835 0.988303 -7.87388 
AR 3.60603 1.42486 -3.2549 
AR -1.03541 -6.34222 -10.8253 
AR -10.5642 3.07265 -15.8528 
AR 5.33624 -1.79705 4.89653 
AR 13.5749 -15.0164 -14.3137 
AR 5.80038 -10.9699 -8.36082 
AR -10.0493 4.6229 -6.80606 
AR -0.580253 -6.85819 -7.62109 
AR 5.02771 8.40581 11.5014 
AR -19.7324 -6.08579 -10.5417 
AR 8.80062 -6.0862 -5.03281 
AR 11.6629 2.46283 5.1446 
AR 8.44415 -5.47624 -7.61491 
AR 5.90529 6.52811 -4.73836 
AR -10.1721 -5.181 6.75403 
AR 6.1741 3.98588 -5.98691 
AR 2.90095 1.70434 1.91992 
AR 7.97138 -8.93846 4.23739 
AR -8.26514 11.0385 -9.3655 
AR -4.85814 3.51137 8.14479 
AR -10.8502 -7.71983 2.87781 
AR -1.54724 3.13765 8.82626 
AR -0.872176 4.57331 -4.81432 
AR -3.97066 6.64863 8.98678 
AR -5.0338 8.68738 6.83743 
AR -5.38738 6.82501 -6.32852 
AR -4.31 5.54819 7.94377 
AR 7.41582 7.4128 -3.01413 
AR 8.49567 6.75893 3.01049 
AR 7.83044 -7.9175 8.22217 
AR 6.34277 6.82712 5.38886 
AR -2.23401 -10.7261 7.03209 
AR -2.74402 -9.16982 4.93095 
AR -3.88981 -6.55 9.60697 
AR -1.72807 10.5803 -3.01562 
AR 1.82542 5.10858 5.88776 
AR 4.47145 5.44243 -7.35699 
AR -10.1884 -9.54565 10.9515 
AR 4.86063 -13.6183 2.60621 
AR -4.22842 -13.2938 -9.34791 
AR 2.00583 -0.894405 -11.6484 
AR -0.441111 9.97123 -0.540919 
AR 10.3544 -3.63458 3.99731 
AR -8.42673 -3.9628 2.23413 
AR -8.11361 8.24772 2.84292 
AR -3.5581 -5.52746 -8.62349 
AR 6.03116 1.95446 -13.3073 
AR 7.98021 -13.4895 -7.66299 
AR -2.66895 -12.71 7.17538 
AR 4.73724 -3.06857 7.42872 
AR -8.57363 2.03827 14.3665 
AR -6.46296 -9.90931 -3.35042 
AR -9.604 -5.89221 -3.3931 
AR 4.05617 10.2996 -4.28556 
AR 25.6811 10.469 -11.8334 
AR 9.60128 5.48389 -5.83935 
AR 8.27792 -4.50925 -3.67062 
AR 11.1728 -6.96041 -4.82607 
AR 5.04092 4.63775 -5.81221 
AR 16.6202 5.15855 5.17816 
AR 11.9943 -3.31634 17.9189 
AR -3.92753 13.5671 6.5057 
AR 6.80388 -3.18354 1.89703 
AR 5.68106 6.75684 4.83252 
AR -18.3545 -9.49538 -9.1805 
AR -9.11865 -12.0036 -6.53651 
AR 6.21488 -1.85076 5.23916 
AR -4.12756 -7.69661 -12.5559 
AR 9.06023 2.87086 -0.278199 
AR -12.3501 -5.77864 4.80169 
AR 12.5888 -6.25597 -9.23165 
AR -3.2551 7.10211 -5.45705 
AR 5.23031 4.83256 -10.4739 
AR -1.55575 -12.1901 -5.47564 
AR 1.13548 -3.64181 -4.32476 
AR 14.6578 12.3567 -6.89021 
AR -6.94331 -7.06121 5.46027 
AR -10.1294 -10.7054 8.87453 
AR -5.24498 -7.0851 -3.07641 
AR 2.70743 -5.40562 18.3318 
AR -4.82584 0.504025 6.66039 
AR -6.24121 -2.07733 4.95549 
AR -6.17522 -8.91138 1.90047 
AR 5.87437 11.9304 -9.91835 
AR 4.35156 11.9631 3.18255 
AR -6.74632 14.8939 -6.63119 
AR -11.1853 -3.50497 7.72718 
AR -4.76185 8.74153 2.17016 
AR 10.2235 5.88497 -14.9469 
AR -2.91068 -10.6902 -5.68985 
AR -7.76158 -5.46497 4.26547 
AR 9.37588 6.36319 3.40029 
AR 9.70397 -1.7893 -6.16279 
AR -6.08164 -4.0269 13.2476 
AR -2.72349 13.8893 -6.5444 
AR 7.44916 -12.0215 -0.0379502 
AR -5.7502 -5.31837 5.28866 
AR 8.06678 13.4492 -4.55302 
AR -5.02179 4.87246 4.0862 
AR -13.866 10.7859 -7.40301 
AR 1.976 -8.35734 2.6301 
AR 12.3203 3.07207 -6.61213 
AR -15.546 -10.2459 2.58535 
AR -3.42236 5.84145 -1.54475 
AR 7.96858 -6.77174 11.262 
AR -9.94784 -9.86626 -11.1196 
AR 12.5171 14.0553 -10.2741 
AR -10.822 -15.3159 3.07064 
AR -13.1571 7.43481 16.994 
AR 1.99608 1.26189 3.5445 
AR -6.17165 -9.07776 6.6281 
AR -4.49908 11.0522 -7.7077 
AR 10.5478 7.45515 8.21145 
AR 6.55612 8.84534 6.18054 
AR 3.91799 -7.2931 -5.93824 
AR 11.6443 21.1252 -15.4445 
AR -12.2212 -5.5994 -9.21408 
AR -3.00824 2.4763 13.4009 
AR -4.79502 11.1132 4.43206 
AR 5.63003 11.3211 8.39351 
AR 2.67996 -7.64557 14.8299 
AR -7.84322 11.8267 -6.30049 
AR -9.26262 8.37388 6.39081 
AR 4.14501 7.45672 5.05962 
AR 10.1923 -4.69119 -5.18923 
AR -13.908 8.31464 4.0732 
AR -4.23258 -3.75992 9.87476 
AR 14.4957 8.03883 -10.5746 
AR 4.48473 -13.4464 -5.80139 
AR 4.61421 -13.2938 5.7086 
AR -3.97127 -3.79747 8.93233 
AR -6.5366 3.3262 11.5045 
AR 9.33099 3.71518 -5.52413 
AR -9.13896 4.57016 9.90423 
AR -13.6309 -3.3435 -5.46418 
AR 6.59263 -4.78379 6.36838 
AR -3.08457 9.86708 2.42159 
AR -14.7413 -5.31154 -6.89677 
AR 3.61489 -4.33456 -1.53057 
AR 4.15742 8.1462 5.50763 
AR -12.8428 -5.17663 8.13907 
AR -11.1057 8.47172 4.54448 
AR -4.13239 15.7041 9.90437 
AR -9.2325 4.97854 -5.44066 
AR -2.89767 -10.7451 2.78196 
AR 12.3562 -4.7638 8.33236 
AR -12.0557 3.43451 5.72312 
AR 3.35982 6.49346 -3.90539 
AR -11.227 4.02192 9.78941 
AR -4.14731 2.98721 13.4926 
AR 4.05154 11.2356 9.26412 
AR -7.30206 8.15904 -6.23077 
AR 4.25455 3.15929 5.031 
AR 3.43729 16.5956 -6.40253 
AR -20.844 4.99315 -2.95489 
AR 4.76394 -11.1511 -8.85024 
AR 11.2082 -3.3564 7.28195 
AR -6.48655 -7.55754 -16.6016 
AR 6.33828 9.99832 -10.0511 
AR 6.25249 9.60994 7.11967 
AR -6.70171 1.03266 -2.62951 
AR 4.49042 7.6822 -6.00628 
AR -10.9833 -9.93089 8.17379 
AR 8.5268 7.94618 -5.49712 
AR -6.15026 -5.64491 -11.2275 
AR 6.99048 5.73994 8.41508 
AR 7.99017 -6.97459 -8.98728 
AR 2.37695 -16.8806 -5.74568 
AR 14.0027 -6.79735 6.82283 
AR 3.83693 4.7733 -7.28366 
AR -14.778 -6.28509 0.587053 
AR -7.89235 5.17542 5.21986 
AR 11.8159 -7.95057 5.87559 
AR -9.10242 8.17053 -3.7315 
AR -1.49967 -8.58745 7.15142 
AR 2.24657 -2.78877 -7.11409 
AR -7.88989 6.68293 -10.6646 
AR 12.341 8.08857 9.41892 
AR 10.1374 5.19273 -15.3937 
AR 3.38236 3.06379 4.72651 
AR -4.43636 7.64894 0.123883 
AR -6.49078 16.3006 0.668052 
AR 6.7694 9.42493 4.9376 
AR 16.1471 -4.86558 -4.90232 
AR -7.60312 -19.3265 0.899988 
AR -9.00113 -7.54236 -11.4141 
AR -8.19076 -11.2973 0.774334 
AR 3.72506 -5.3379 -1.18464 
AR -12.4751 1.83364 -5.05558 
AR 4.13055 9.5126 -10.1113 
AR 0.56675 -6.36384 6.43391 
AR 19.5381 -10.2371 -14.2636 
AR 6.72322 5.72041 6.42753 
AR -3.77802 -7.97658 7.66369 
AR -14.4197 -4.41547 2.04508 
AR 3.90141 6.94833 10.3387 
AR 5.86462 -15.0013 -7.21705 
AR 13.1231 -6.79997 -5.33716 
AR 9.17243 3.07913 -5.11341 
AR -7.62684 -3.81439 -7.56004 
AR -6.09701 -9.21976 9.44413 
AR 5.59526 -8.02092 6.47963 
AR -5.55185 -14.949 13.7295 
AR 3.91242 1.8992 -11.0861 
AR -2.27632 9.03 -9.09585 
AR -12.5028 -1.72712 -6.4835 
AR -5.79172 -5.39734 -11.2817 
AR 7.05239 7.42335 10.1511 
AR -8.88414 17.5487 9.35073 
AR 13.738 7.23445 -5.77208 
AR -6.4546 -10.0952 -9.15271 
AR -6.76795 8.7659 10.5269 
AR -3.54675 -7.35221 -4.44135 
AR -5.1201 4.14329 -4.99993 
AR 6.01965 -8.29204 6.15105 
AR -4.39299 -11.5896 -10.6336 
AR 6.22202 6.78587 8.94459 
AR -8.27844 -5.65795 -1.12315 
AR -7.56664 -7.03308 -1.95288 
AR 8.14724 18.8119 -1.64601 
AR 6.81429 -10.4838 12.0298 
AR 10.7678 -7.72627 10.0686 
AR 10.7833 -8.90638 -4.58223 
AR 2.88468 -7.44707 -2.97182 
AR -5.13824 3.68052 8.53713 
AR 11.9324 -16.864 7.68426 
AR -10.1893 5.69142 7.32266 
AR 8.2521 6.19858 15.9194 
AR -3.92054 -1.28026 8.30177 
AR 5.3907 -3.58602 6.11807 
AR -10.0846 -4.48585 8.87233 
AR -3.52363 1.52658 -8.47164 
AR -2.66406 3.87324 5.397 
AR 10.575 16.3513 4.136 
AR 12.353 8.58831 -2.04242 
AR -4.88596 11.8529 -11.5111 
AR 1.32913 6.95531 5.37669 
AR 7.61752 -3.52036 6.85468 
AR -10.5597 -5.46671 -5.75263 
AR -4.83583 4.70699 -11.4684 
AR -7.62864 -0.880517 -11.4153 
AR 10.1241 2.03001 10.9663 
AR 5.446 10.8323 -3.73187 
AR -7.85922 2.72706 -9.10862 
AR 9.03475 -5.32815 -7.26983 
AR 4.74461 11.5204 -5.61653 
AR 1.79029 -9.6008 7.71711 
AR 4.18672 -4.94364 -6.54713 
AR -11.9531 -3.92007 9.98447 
AR 13.8914 -5.29319 10.586 
AR 5.88334 2.60289 6.71139 
AR 15.2686 -0.941353 2.13507 
AR -7.19149 7.1309 -8.02385 
AR -6.05845 6.12699 4.01473 
AR -5.33573 -6.04832 -7.00205 
AR 12.6994 6.25018 -14.4162 
AR 12.8433 -4.75243 5.92058 
AR 12.5875 -8.34499 -3.04351 
AR -6.46964 -7.81765 -4.37198 
AR 4.54351 10.2318 -5.29668 
AR -10.9125 -11.3408 9.70524 
AR -2.90034 1.40391 -8.20983 
AR 1.17022 13.5076 -9.97618 
AR 1.47292 -2.60222 9.30287 
AR 2.02909 -9.16314 4.62675 
