343

AR -2.28 -1.31636 -0.930806 
AR -1.9 -1.31636 -0.930806 
AR -1.52 -1.31636 -0.930806 
AR -1.14 -1.31636 -0.930806 
AR -0.76 -1.31636 -0.930806 
AR -0.38 -1.31636 -0.930806 
AR -5.55112e-17 -1.31636 -0.930806 
AR -2.09 -0.987269 -0.930806 
AR -1.71 -0.987269 -0.930806 
AR -1.33 -0.987269 -0.930806 
AR -0.95 -0.987269 -0.930806 
AR -0.57 -0.987269 -0.930806 
AR -0.19 -0.987269 -0.930806 
AR 0.19 -0.987269 -0.930806 
AR -1.9 -0.658179 -0.930806 
AR -1.52 -0.658179 -0.930806 
AR -1.14 -0.658179 -0.930806 
AR -0.76 -0.658179 -0.930806 
AR -0.38 -0.658179 -0.930806 
AR 5.55112e-17 -0.658179 -0.930806 
AR 0.38 -0.658179 -0.930806 
AR -1.71 -0.32909 -0.930806 
AR -1.33 -0.32909 -0.930806 
AR -0.95 -0.32909 -0.930806 
AR -0.57 -0.32909 -0.930806 
AR -0.19 -0.32909 -0.930806 
AR 0.19 -0.32909 -0.930806 
AR 0.57 -0.32909 -0.930806 
AR -1.52 0 -0.930806 
AR -1.14 0 -0.930806 
AR -0.76 0 -0.930806 
AR -0.38 0 -0.930806 
AR 5.55112e-17 0 -0.930806 
AR 0.38 0 -0.930806 
AR 0.76 0 -0.930806 
AR -1.33 0.32909 -0.930806 
AR -0.95 0.32909 -0.930806 
AR -0.57 0.32909 -0.930806 
AR -0.19 0.32909 -0.930806 
AR 0.19 0.32909 -0.930806 
AR 0.57 0.32909 -0.930806 
AR 0.95 0.32909 -0.930806 
AR -1.14 0.658179 -0.930806 
AR -0.76 0.658179 -0.930806 
AR -0.38 0.658179 -0.930806 
AR 5.55112e-17 0.658179 -0.930806 
AR 0.38 0.658179 -0.930806 
AR 0.76 0.658179 -0.930806 
AR 1.14 0.658179 -0.930806 
AR -2.09 -1.20666 -0.620537 
AR -1.71 -1.20666 -0.620537 
AR -1.33 -1.20666 -0.620537 
AR -0.95 -1.20666 -0.620537 
AR -0.57 -1.20666 -0.620537 
AR -0.19 -1.20666 -0.620537 
AR 0.19 -1.20666 -0.620537 
AR -1.9 -0.877572 -0.620537 
AR -1.52 -0.877572 -0.620537 
AR -1.14 -0.877572 -0.620537 
AR -0.76 -0.877572 -0.620537 
AR -0.38 -0.877572 -0.620537 
AR 0 -0.877572 -0.620537 
AR 0.38 -0.877572 -0.620537 
AR -1.71 -0.548483 -0.620537 
AR -1.33 -0.548483 -0.620537 
AR -0.95 -0.548483 -0.620537 
AR -0.57 -0.548483 -0.620537 
AR -0.19 -0.548483 -0.620537 
AR 0.19 -0.548483 -0.620537 
AR 0.57 -0.548483 -0.620537 
AR -1.52 -0.219393 -0.620537 
AR -1.14 -0.219393 -0.620537 
AR -0.76 -0.219393 -0.620537 
AR -0.38 -0.219393 -0.620537 
AR 0 -0.219393 -0.620537 
AR 0.38 -0.219393 -0.620537 
AR 0.76 -0.219393 -0.620537 
AR -1.33 0.109697 -0.620537 
AR -0.95 0.109697 -0.620537 
AR -0.57 0.109697 -0.620537 
AR -0.19 0.109697 -0.620537 
AR 0.19 0.109697 -0.620537 
AR 0.57 0.109697 -0.620537 
AR 0.95 0.109697 -0.620537 
AR -1.14 0.438786 -0.620537 
AR -0.76 0.438786 -0.620537 
AR -0.38 0.438786 -0.620537 
AR 0 0.438786 -0.620537 
AR 0.38 0.438786 -0.620537 
AR 0.76 0.438786 -0.620537 
AR 1.14 0.438786 -0.620537 
AR -0.95 0.767876 -0.620537 
AR -0.57 0.767876 -0.620537 
AR -0.19 0.767876 -0.620537 
AR 0.19 0.767876 -0.620537 
AR 0.57 0.767876 -0.620537 
AR 0.95 0.767876 -0.620537 
AR 1.33 0.767876 -0.620537 
AR -1.9 -1.09697 -0.310269 
AR -1.52 -1.09697 -0.310269 
AR -1.14 -1.09697 -0.310269 
AR -0.76 -1.09697 -0.310269 
AR -0.38 -1.09697 -0.310269 
AR -5.55112e-17 -1.09697 -0.310269 
AR 0.38 -1.09697 -0.310269 
AR -1.71 -0.767876 -0.310269 
AR -1.33 -0.767876 -0.310269 
AR -0.95 -0.767876 -0.310269 
AR -0.57 -0.767876 -0.310269 
AR -0.19 -0.767876 -0.310269 
AR 0.19 -0.767876 -0.310269 
AR 0.57 -0.767876 -0.310269 
AR -1.52 -0.438786 -0.310269 
AR -1.14 -0.438786 -0.310269 
AR -0.76 -0.438786 -0.310269 
AR -0.38 -0.438786 -0.310269 
AR 0 -0.438786 -0.310269 
AR 0.38 -0.438786 -0.310269 
AR 0.76 -0.438786 -0.310269 
AR -1.33 -0.109697 -0.310269 
AR -0.95 -0.109697 -0.310269 
AR -0.57 -0.109697 -0.310269 
AR -0.19 -0.109697 -0.310269 
AR 0.19 -0.109697 -0.310269 
AR 0.57 -0.109697 -0.310269 
AR 0.95 -0.109697 -0.310269 
AR -1.14 0.219393 -0.310269 
AR -0.76 0.219393 -0.310269 
AR -0.38 0.219393 -0.310269 
AR 0 0.219393 -0.310269 
AR 0.38 0.219393 -0.310269 
AR 0.76 0.219393 -0.310269 
AR 1.14 0.219393 -0.310269 
AR -0.95 0.548483 -0.310269 
AR -0.57 0.548483 -0.310269 
AR -0.19 0.548483 -0.310269 
AR 0.19 0.548483 -0.310269 
AR 0.57 0.548483 -0.310269 
AR 0.95 0.548483 -0.310269 
AR 1.33 0.548483 -0.310269 
AR -0.76 0.877572 -0.310269 
AR -0.38 0.877572 -0.310269 
AR 5.55112e-17 0.877572 -0.310269 
AR 0.38 0.877572 -0.310269 
AR 0.76 0.877572 -0.310269 
AR 1.14 0.877572 -0.310269 
AR 1.52 0.877572 -0.310269 
AR -1.71 -0.987269 0 
AR -1.33 -0.987269 0 
AR -0.95 -0.987269 0 
AR -0.57 -0.987269 0 
AR -0.19 -0.987269 0 
AR 0.19 -0.987269 0 
AR 0.57 -0.987269 0 
AR -1.52 -0.658179 0 
AR -1.14 -0.658179 0 
AR -0.76 -0.658179 0 
AR -0.38 -0.658179 0 
AR 0 -0.658179 0 
AR 0.38 -0.658179 0 
AR 0.76 -0.658179 0 
AR -1.33 -0.32909 0 
AR -0.95 -0.32909 0 
AR -0.57 -0.32909 0 
AR -0.19 -0.32909 0 
AR 0.19 -0.32909 0 
AR 0.57 -0.32909 0 
AR 0.95 -0.32909 0 
AR -1.14 0 0 
AR -0.76 0 0 
AR -0.38 0 0 
AR 0 0 0 
AR 0.38 0 0 
AR 0.76 0 0 
AR 1.14 0 0 
AR -0.95 0.32909 0 
AR -0.57 0.32909 0 
AR -0.19 0.32909 0 
AR 0.19 0.32909 0 
AR 0.57 0.32909 0 
AR 0.95 0.32909 0 
AR 1.33 0.32909 0 
AR -0.76 0.658179 0 
AR -0.38 0.658179 0 
AR 0 0.658179 0 
AR 0.38 0.658179 0 
AR 0.76 0.658179 0 
AR 1.14 0.658179 0 
AR 1.52 0.658179 0 
AR -0.57 0.987269 0 
AR -0.19 0.987269 0 
AR 0.19 0.987269 0 
AR 0.57 0.987269 0 
AR 0.95 0.987269 0 
AR 1.33 0.987269 0 
AR 1.71 0.987269 0 
AR -1.52 -0.877572 0.310269 
AR -1.14 -0.877572 0.310269 
AR -0.76 -0.877572 0.310269 
AR -0.38 -0.877572 0.310269 
AR -5.55112e-17 -0.877572 0.310269 
AR 0.38 -0.877572 0.310269 
AR 0.76 -0.877572 0.310269 
AR -1.33 -0.548483 0.310269 
AR -0.95 -0.548483 0.310269 
AR -0.57 -0.548483 0.310269 
AR -0.19 -0.548483 0.310269 
AR 0.19 -0.548483 0.310269 
AR 0.57 -0.548483 0.310269 
AR 0.95 -0.548483 0.310269 
AR -1.14 -0.219393 0.310269 
AR -0.76 -0.219393 0.310269 
AR -0.38 -0.219393 0.310269 
AR 0 -0.219393 0.310269 
AR 0.38 -0.219393 0.310269 
AR 0.76 -0.219393 0.310269 
AR 1.14 -0.219393 0.310269 
AR -0.95 0.109697 0.310269 
AR -0.57 0.109697 0.310269 
AR -0.19 0.109697 0.310269 
AR 0.19 0.109697 0.310269 
AR 0.57 0.109697 0.310269 
AR 0.95 0.109697 0.310269 
AR 1.33 0.109697 0.310269 
AR -0.76 0.438786 0.310269 
AR -0.38 0.438786 0.310269 
AR 0 0.438786 0.310269 
AR 0.38 0.438786 0.310269 
AR 0.76 0.438786 0.310269 
AR 1.14 0.438786 0.310269 
AR 1.52 0.438786 0.310269 
AR -0.57 0.767876 0.310269 
AR -0.19 0.767876 0.310269 
AR 0.19 0.767876 0.310269 
AR 0.57 0.767876 0.310269 
AR 0.95 0.767876 0.310269 
AR 1.33 0.767876 0.310269 
AR 1.71 0.767876 0.310269 
AR -0.38 1.09697 0.310269 
AR 5.55112e-17 1.09697 0.310269 
AR 0.38 1.09697 0.310269 
AR 0.76 1.09697 0.310269 
AR 1.14 1.09697 0.310269 
AR 1.52 1.09697 0.310269 
AR 1.9 1.09697 0.310269 
AR -1.33 -0.767876 0.620537 
AR -0.95 -0.767876 0.620537 
AR -0.57 -0.767876 0.620537 
AR -0.19 -0.767876 0.620537 
AR 0.19 -0.767876 0.620537 
AR 0.57 -0.767876 0.620537 
AR 0.95 -0.767876 0.620537 
AR -1.14 -0.438786 0.620537 
AR -0.76 -0.438786 0.620537 
AR -0.38 -0.438786 0.620537 
AR 0 -0.438786 0.620537 
AR 0.38 -0.438786 0.620537 
AR 0.76 -0.438786 0.620537 
AR 1.14 -0.438786 0.620537 
AR -0.95 -0.109697 0.620537 
AR -0.57 -0.109697 0.620537 
AR -0.19 -0.109697 0.620537 
AR 0.19 -0.109697 0.620537 
AR 0.57 -0.109697 0.620537 
AR 0.95 -0.109697 0.620537 
AR 1.33 -0.109697 0.620537 
AR -0.76 0.219393 0.620537 
AR -0.38 0.219393 0.620537 
AR 0 0.219393 0.620537 
AR 0.38 0.219393 0.620537 
AR 0.76 0.219393 0.620537 
AR 1.14 0.219393 0.620537 
AR 1.52 0.219393 0.620537 
AR -0.57 0.548483 0.620537 
AR -0.19 0.548483 0.620537 
AR 0.19 0.548483 0.620537 
AR 0.57 0.548483 0.620537 
AR 0.95 0.548483 0.620537 
AR 1.33 0.548483 0.620537 
AR 1.71 0.548483 0.620537 
AR -0.38 0.877572 0.620537 
AR 0 0.877572 0.620537 
AR 0.38 0.877572 0.620537 
AR 0.76 0.877572 0.620537 
AR 1.14 0.877572 0.620537 
AR 1.52 0.877572 0.620537 
AR 1.9 0.877572 0.620537 
AR -0.19 1.20666 0.620537 
AR 0.19 1.20666 0.620537 
AR 0.57 1.20666 0.620537 
AR 0.95 1.20666 0.620537 
AR 1.33 1.20666 0.620537 
AR 1.71 1.20666 0.620537 
AR 2.09 1.20666 0.620537 
AR -1.14 -0.658179 0.930806 
AR -0.76 -0.658179 0.930806 
AR -0.38 -0.658179 0.930806 
AR -5.55112e-17 -0.658179 0.930806 
AR 0.38 -0.658179 0.930806 
AR 0.76 -0.658179 0.930806 
AR 1.14 -0.658179 0.930806 
AR -0.95 -0.32909 0.930806 
AR -0.57 -0.32909 0.930806 
AR -0.19 -0.32909 0.930806 
AR 0.19 -0.32909 0.930806 
AR 0.57 -0.32909 0.930806 
AR 0.95 -0.32909 0.930806 
AR 1.33 -0.32909 0.930806 
AR -0.76 0 0.930806 
AR -0.38 0 0.930806 
AR -5.55112e-17 0 0.930806 
AR 0.38 0 0.930806 
AR 0.76 0 0.930806 
AR 1.14 0 0.930806 
AR 1.52 0 0.930806 
AR -0.57 0.32909 0.930806 
AR -0.19 0.32909 0.930806 
AR 0.19 0.32909 0.930806 
AR 0.57 0.32909 0.930806 
AR 0.95 0.32909 0.930806 
AR 1.33 0.32909 0.930806 
AR 1.71 0.32909 0.930806 
AR -0.38 0.658179 0.930806 
AR -5.55112e-17 0.658179 0.930806 
AR 0.38 0.658179 0.930806 
AR 0.76 0.658179 0.930806 
AR 1.14 0.658179 0.930806 
AR 1.52 0.658179 0.930806 
AR 1.9 0.658179 0.930806 
AR -0.19 0.987269 0.930806 
AR 0.19 0.987269 0.930806 
AR 0.57 0.987269 0.930806 
AR 0.95 0.987269 0.930806 
AR 1.33 0.987269 0.930806 
AR 1.71 0.987269 0.930806 
AR 2.09 0.987269 0.930806 
AR 5.55112e-17 1.31636 0.930806 
AR 0.38 1.31636 0.930806 
AR 0.76 1.31636 0.930806 
AR 1.14 1.31636 0.930806 
AR 1.52 1.31636 0.930806 
AR 1.9 1.31636 0.930806 
AR 2.28 1.31636 0.930806 
